0 0.208042 0.792517 0.055944 0.256803
0 0.247815 0.798044 0.089161 0.281463
0 0.560315 0.761054 0.079545 0.229592
0 0.031687 0.735969 0.039773 0.101191
2 0.152098 0.887330 0.088287 0.225340
0 0.517701 0.413690 0.054633 0.152211
0 0.404283 0.474490 0.047203 0.085034
0 0.646853 0.355017 0.045455 0.170918
0 0.604239 0.275085 0.035402 0.058673
0 0.707823 0.493622 0.054633 0.167517
0 0.219187 0.699405 0.058129 0.157313
0 0.160402 0.057823 0.034091 0.085034
0 0.314256 0.372449 0.048455 0.086735
1 0.691362 0.742985 0.051264 0.085459
1 0.774930 0.735969 0.041433 0.066327
3 0.474017 0.640944 0.022472 0.067602
2 0.434691 0.395408 0.028090 0.048469
1 0.363764 0.225765 0.025281 0.058673
3 0.453301 0.660076 0.027388 0.070153
3 0.431531 0.639031 0.024579 0.053571
1 0.497191 0.234694 0.033708 0.051020
2 0.301615 0.232781 0.023174 0.031888
0 0.327949 0.562500 0.033708 0.045918
2 0.423806 0.499362 0.056882 0.103316
0 0.437500 0.258291 0.039326 0.095663
1 0.515801 0.567602 0.033006 0.068878
2 0.610955 0.546556 0.035112 0.067602
